Lexical Analysis:
---------------------------------------------------
  Type       String         Value       FuncPtr
---------------------------------------------------
    30   BACKGROUND       0.000000            0
    24        COLOR       0.000000            0
     9           IS       0.000000            0
    31        WHITE       0.000000            0
    17                    0.000000            0
    22        LABEL       0.000000            0
    15                    0.000000            0
    20                  500.000000            0
    18                    0.000000            0
    20                  620.000000            0
    18                    0.000000            0
    23    My Figure       0.000000            0
    18                    0.000000            0
    23 Bradley Hand ITC       0.000000            0
    16                    0.000000            0
    17                    0.000000            0
     8       ORIGIN       0.000000            0
     9           IS       0.000000            0
    15                    0.000000            0
    20                   50.000000            0
    18                    0.000000            0
    20                  200.000000            0
    16                    0.000000            0
    17                    0.000000            0
     6        SCALE       0.000000            0
     9           IS       0.000000            0
    15                    0.000000            0
    20                    1.000000            0
    18                    0.000000            0
    20                    0.500000            0
    16                    0.000000            0
    17                    0.000000            0
    33        AXISX       0.000000            0
    15                    0.000000            0
    20                  500.000000            0
    18                    0.000000            0
    20                   10.000000            0
    18                    0.000000            0
    23            x       0.000000            0
    16                    0.000000            0
    17                    0.000000            0
    34        AXISY       0.000000            0
    15                    0.000000            0
    20                  500.000000            0
    18                    0.000000            0
    20                   10.000000            0
    18                    0.000000            0
    23            y       0.000000            0
    16                    0.000000            0
    17                    0.000000            0
    24        COLOR       0.000000            0
     9           IS       0.000000            0
    25       YELLOW       0.000000            0
    17                    0.000000            0
     0          FOR       0.000000            0
     1            T       0.000000            0
     2         FROM       0.000000            0
    20                    0.000000            0
     3           TO       0.000000            0
    20                  500.000000            0
     4         STEP       0.000000            0
    20                    1.000000            0
     5         DRAW       0.000000            0
    15                    0.000000            0
     1            T       0.000000            0
    18                    0.000000            0
     1            T       0.000000            0
    16                    0.000000            0
    17                    0.000000            0
    22        LABEL       0.000000            0
    15                    0.000000            0
    20                  445.000000            0
    18                    0.000000            0
    20                  393.000000            0
    18                    0.000000            0
    23          y=x       0.000000            0
    16                    0.000000            0
    17                    0.000000            0
    24        COLOR       0.000000            0
     9           IS       0.000000            0
    27          RED       0.000000            0
    17                    0.000000            0
     0          FOR       0.000000            0
     1            T       0.000000            0
     2         FROM       0.000000            0
    20                    0.000000            0
     3           TO       0.000000            0
    20                  500.000000            0
     4         STEP       0.000000            0
    20                    1.000000            0
     5         DRAW       0.000000            0
    15                    0.000000            0
     1            T       0.000000            0
    18                    0.000000            0
    20                   75.000000            0
    12                    0.000000            0
    19           LN       0.000000       473950
    15                    0.000000            0
     1            T       0.000000            0
    10                    0.000000            0
    20                    1.000000            0
    16                    0.000000            0
    16                    0.000000            0
    17                    0.000000            0
    22        LABEL       0.000000            0
    15                    0.000000            0
    20                  125.000000            0
    18                    0.000000            0
    20                  360.000000            0
    18                    0.000000            0
    23  y=75ln(x+1)       0.000000            0
    16                    0.000000            0
    17                    0.000000            0
    24        COLOR       0.000000            0
     9           IS       0.000000            0
    28        GREEN       0.000000            0
    17                    0.000000            0
     0          FOR       0.000000            0
     1            T       0.000000            0
     2         FROM       0.000000            0
    20                    0.000000            0
     3           TO       0.000000            0
    20                  500.000000            0
     4         STEP       0.000000            0
    20                    1.000000            0
     5         DRAW       0.000000            0
    15                    0.000000            0
     1            T       0.000000            0
    18                    0.000000            0
    20                   10.000000            0
    12                    0.000000            0
    19         SQRT       0.000000       473960
    15                    0.000000            0
     1            T       0.000000            0
    16                    0.000000            0
    16                    0.000000            0
    17                    0.000000            0
    22        LABEL       0.000000            0
    15                    0.000000            0
    20                  445.000000            0
    18                    0.000000            0
    20                  335.000000            0
    18                    0.000000            0
    23  y=10sqrt(x)       0.000000            0
    16                    0.000000            0
    17                    0.000000            0
    24        COLOR       0.000000            0
     9           IS       0.000000            0
    26         BLUE       0.000000            0
    17                    0.000000            0
     0          FOR       0.000000            0
     1            T       0.000000            0
     2         FROM       0.000000            0
    20                    0.000000            0
     3           TO       0.000000            0
    20                  500.000000            0
     4         STEP       0.000000            0
    20                    1.000000            0
     5         DRAW       0.000000            0
    15                    0.000000            0
     1            T       0.000000            0
    18                    0.000000            0
    20                  100.000000            0
    12                    0.000000            0
    19          SIN       0.000000       473938
    15                    0.000000            0
    20                    0.100000            0
    12                    0.000000            0
     1            T       0.000000            0
    16                    0.000000            0
    16                    0.000000            0
    17                    0.000000            0
    22        LABEL       0.000000            0
    15                    0.000000            0
    20                  280.000000            0
    18                    0.000000            0
    20                  230.000000            0
    18                    0.000000            0
    23 y=100sin(t/10)       0.000000            0
    16                    0.000000            0
    17                    0.000000            0
    22        LABEL       0.000000            0
    15                    0.000000            0
    20                  250.000000            0
    18                    0.000000            0
    20                  130.000000            0
    18                    0.000000            0
    23 图1：函数图象       0.000000            0
    18                    0.000000            0
    23         楷体       0.000000            0
    16                    0.000000            0
    24        COLOR       0.000000            0
     9           IS       0.000000            0
    26         BLUE       0.000000            0
    17                    0.000000            0
     8       ORIGIN       0.000000            0
     9           IS       0.000000            0
    15                    0.000000            0
    20                  800.000000            0
    18                    0.000000            0
    20                  450.000000            0
    16                    0.000000            0
    17                    0.000000            0
     6        SCALE       0.000000            0
     9           IS       0.000000            0
    15                    0.000000            0
    20                  100.000000            0
    18                    0.000000            0
    20                  100.000000            0
    13                    0.000000            0
    20                    3.000000            0
    16                    0.000000            0
    17                    0.000000            0
     0          FOR       0.000000            0
     1            T       0.000000            0
     2         FROM       0.000000            0
    20                    0.000000            0
     3           TO       0.000000            0
    20                    2.000000            0
    12                    0.000000            0
    20           PI       3.141593            0
     4         STEP       0.000000            0
    20           PI       3.141593            0
    13                    0.000000            0
    20                  100.000000            0
     5         DRAW       0.000000            0
    15                    0.000000            0
    19          COS       0.000000       473940
    15                    0.000000            0
     1            T       0.000000            0
    16                    0.000000            0
    18                    0.000000            0
    19          SIN       0.000000       473938
    15                    0.000000            0
     1            T       0.000000            0
    16                    0.000000            0
    16                    0.000000            0
    17                    0.000000            0
     7          ROT       0.000000            0
     9           IS       0.000000            0
    20                    2.000000            0
    12                    0.000000            0
    20           PI       3.141593            0
    13                    0.000000            0
    20                    3.000000            0
    17                    0.000000            0
     0          FOR       0.000000            0
     1            T       0.000000            0
     2         FROM       0.000000            0
    20                    0.000000            0
     3           TO       0.000000            0
    20                    2.000000            0
    12                    0.000000            0
    20           PI       3.141593            0
     4         STEP       0.000000            0
    20           PI       3.141593            0
    13                    0.000000            0
    20                  100.000000            0
     5         DRAW       0.000000            0
    15                    0.000000            0
    19          COS       0.000000       473940
    15                    0.000000            0
     1            T       0.000000            0
    16                    0.000000            0
    18                    0.000000            0
    19          SIN       0.000000       473938
    15                    0.000000            0
     1            T       0.000000            0
    16                    0.000000            0
    16                    0.000000            0
    17                    0.000000            0
     7          ROT       0.000000            0
     9           IS       0.000000            0
    20                    4.000000            0
    12                    0.000000            0
    20           PI       3.141593            0
    13                    0.000000            0
    20                    3.000000            0
    17                    0.000000            0
     0          FOR       0.000000            0
     1            T       0.000000            0
     2         FROM       0.000000            0
    20                    0.000000            0
     3           TO       0.000000            0
    20                    2.000000            0
    12                    0.000000            0
    20           PI       3.141593            0
     4         STEP       0.000000            0
    20           PI       3.141593            0
    13                    0.000000            0
    20                  100.000000            0
     5         DRAW       0.000000            0
    15                    0.000000            0
    19          COS       0.000000       473940
    15                    0.000000            0
     1            T       0.000000            0
    16                    0.000000            0
    18                    0.000000            0
    19          SIN       0.000000       473938
    15                    0.000000            0
     1            T       0.000000            0
    16                    0.000000            0
    16                    0.000000            0
    17                    0.000000            0
    22        LABEL       0.000000            0
    15                    0.000000            0
    20                  735.000000            0
    18                    0.000000            0
    20                  340.000000            0
    18                    0.000000            0
    23 图2：原子模型       0.000000            0
    18                    0.000000            0
    23         楷体       0.000000            0
    16                    0.000000            0
    17                    0.000000            0
    24        COLOR       0.000000            0
     9           IS       0.000000            0
    27          RED       0.000000            0
    17                    0.000000            0
     8       ORIGIN       0.000000            0
     9           IS       0.000000            0
    15                    0.000000            0
    20                  800.000000            0
    18                    0.000000            0
    20                  150.000000            0
    16                    0.000000            0
    17                    0.000000            0
     6        SCALE       0.000000            0
     9           IS       0.000000            0
    15                    0.000000            0
    20                   80.000000            0
    18                    0.000000            0
    20                   80.000000            0
    16                    0.000000            0
    17                    0.000000            0
     7          ROT       0.000000            0
     9           IS       0.000000            0
    20                    0.000000            0
    17                    0.000000            0
     0          FOR       0.000000            0
     1            T       0.000000            0
     2         FROM       0.000000            0
    20                    0.000000            0
     3           TO       0.000000            0
    20                    2.000000            0
    12                    0.000000            0
    20           PI       3.141593            0
     4         STEP       0.000000            0
    20           PI       3.141593            0
    13                    0.000000            0
    20                  100.000000            0
     5         DRAW       0.000000            0
    15                    0.000000            0
    19          COS       0.000000       473940
    15                    0.000000            0
     1            T       0.000000            0
    16                    0.000000            0
    18                    0.000000            0
    19          SIN       0.000000       473938
    15                    0.000000            0
     1            T       0.000000            0
    16                    0.000000            0
    16                    0.000000            0
    17                    0.000000            0
     0          FOR       0.000000            0
     1            T       0.000000            0
     2         FROM       0.000000            0
    20                    0.000000            0
     3           TO       0.000000            0
    20           PI       3.141593            0
    12                    0.000000            0
    20                   20.000000            0
     4         STEP       0.000000            0
    20           PI       3.141593            0
    13                    0.000000            0
    20                   50.000000            0
     5         DRAW       0.000000            0
    15                    0.000000            0
    15                    0.000000            0
    20                    1.000000            0
    11                    0.000000            0
    20                    1.000000            0
    13                    0.000000            0
    15                    0.000000            0
    20                   10.000000            0
    13                    0.000000            0
    20                    7.000000            0
    16                    0.000000            0
    16                    0.000000            0
    12                    0.000000            0
    19          COS       0.000000       473940
    15                    0.000000            0
     1            T       0.000000            0
    16                    0.000000            0
    10                    0.000000            0
    20                    1.000000            0
    13                    0.000000            0
    15                    0.000000            0
    20                   10.000000            0
    13                    0.000000            0
    20                    7.000000            0
    16                    0.000000            0
    12                    0.000000            0
    19          COS       0.000000       473940
    15                    0.000000            0
    11                    0.000000            0
     1            T       0.000000            0
    12                    0.000000            0
    15                    0.000000            0
    15                    0.000000            0
    20                   10.000000            0
    13                    0.000000            0
    20                    7.000000            0
    16                    0.000000            0
    11                    0.000000            0
    20                    1.000000            0
    16                    0.000000            0
    16                    0.000000            0
    18                    0.000000            0
    15                    0.000000            0
    20                    1.000000            0
    11                    0.000000            0
    20                    1.000000            0
    13                    0.000000            0
    15                    0.000000            0
    20                   10.000000            0
    13                    0.000000            0
    20                    7.000000            0
    16                    0.000000            0
    16                    0.000000            0
    12                    0.000000            0
    19          SIN       0.000000       473938
    15                    0.000000            0
     1            T       0.000000            0
    16                    0.000000            0
    10                    0.000000            0
    20                    1.000000            0
    13                    0.000000            0
    15                    0.000000            0
    20                   10.000000            0
    13                    0.000000            0
    20                    7.000000            0
    16                    0.000000            0
    12                    0.000000            0
    19          SIN       0.000000       473938
    15                    0.000000            0
    11                    0.000000            0
     1            T       0.000000            0
    12                    0.000000            0
    15                    0.000000            0
    15                    0.000000            0
    20                   10.000000            0
    13                    0.000000            0
    20                    7.000000            0
    16                    0.000000            0
    11                    0.000000            0
    20                    1.000000            0
    16                    0.000000            0
    16                    0.000000            0
    16                    0.000000            0
    17                    0.000000            0
    22        LABEL       0.000000            0
    15                    0.000000            0
    20                  735.000000            0
    18                    0.000000            0
    20                   50.000000            0
    18                    0.000000            0
    23 图3：示例图像       0.000000            0
    18                    0.000000            0
    23         楷体       0.000000            0
    16                    0.000000            0
    17                    0.000000            0
---------------------------------------------------
